T:298.15,pH:3.00,eH:0.00

METHOD:MONTERUNS

#N_FIXED:FIXED_CONF_ID
35:1 10 47 87 88 89 192 201 210 211 212 213 251 278 281 286 694 696 842 891 899 904 905 911 974 980 995 996 1053 1093 1100 1153 1199 1246 1329

#N_FREE residues:CONF_IDs for each free residues
84:
6 7 8 9 ;
11 12 ;
40 41 42 43 44 45 ;
49 50 51 52 53 54 55 56 57 58 59 60 61 62 63 64 65 66 67 68 69 70 71 72 73 74 75 76 77 78 79 80 81 82 83 84 ;
85 86 ;90 91 92 94 ;
101 102 103 104 105 ;
125 126 127 128 130 ;148 149 150 151 152 153 155 156 ;157 158 159 ;162 163 164 165 167 168 169 ;170 171 ;172 174 175 176 ;189 190 191 ;196 197 198 199 200 ;203 204 205 206 207 ;208 209 ;233 234 237 241 242 243 248 ;253 254 258 259 261 263 264 ;267 268 269 ;270 271 272 273 274 ;275 277 ;282 283 284 285 ;287 288 289 290 291 292 293 294 295 ;296 297 298 299 300 301 ;382 383 384 385 386 388 389 390 392 393 394 395 396 397 398 399 400 ;402 403 404 405 406 408 409 410 ;411 412 413 ;418 419 420 422 423 424 427 428 431 433 436 438 440 443 446 457 458 459 460 462 464 465 466 ;468 469 471 474 475 476 477 478 ;480 481 482 486 490 493 ;500 501 502 503 504 505 506 507 508 509 510 511 512 513 515 516 517 518 519 520 521 522 523 ;524 527 534 ;545 547 ;548 549 550 551 ;552 553 554 555 556 557 558 ;559 560 561 562 ;563 565 566 570 572 574 575 578 579 ;581 582 583 584 585 ;667 668 671 672 673 674 680 681 682 685 686 ;687 688 689 690 691 692 693 ;697 698 699 ;703 704 715 718 722 ;813 814 815 816 817 818 819 820 821 822 823 824 826 827 828 829 830 831 832 ;833 834 839 840 841 ;843 844 845 846 847 848 ;881 882 884 885 886 887 888 889 890 ;894 895 896 898 ;900 901 ;902 903 ;906 907 908 909 910 ;912 913 ;914 915 916 ;917 918 919 920 921 922 923 925 926 927 928 ;929 930 931 932 933 934 ;935 936 937 938 940 941 943 944 946 947 948 949 950 951 952 953 954 ;956 957 ;960 962 963 964 965 966 968 969 970 972 973 ;975 976 977 978 979 ;982 983 984 985 986 987 988 989 990 991 992 993 994 ;1012 1013 1014 1015 1016 1017 1018 1022 1023 1025 ;1038 1039 1040 1041 1042 1043 1044 1045 1046 1047 1048 1049 ;1050 1052 ;1054 1055 1056 1057 1058 1059 ;1060 1061 1062 1063 1064 1065 1066 1067 1068 1069 1070 ;1073 1074 1075 1076 ;1077 1079 1080 1081 1082 ;1086 1087 1088 1090 1091 1092 ;1094 1095 ;1097 1098 1099 ;1101 1103 1104 ;1127 1128 1129 1130 1131 1132 ;1133 1134 1135 1136 ;1149 1150 1151 ;1162 1163 1164 1165 1166 1167 1169 ;1170 1171 1172 ;1173 1174 1175 1176 1177 1178 1179 1180 1181 1182 1183 1184 1185 1186 1187 ;1188 1189 ;1190 1191 1192 1193 1194 1195 1196 1197 1198 ;1200 1203 ;1204 1205 1206 1207 ;1237 1238 1239 1241 1243 1244 1245 ;1309 1310 1311 1312 1313 1314 1315 1316 1317 1318 1319 1320 1321 1322 1323 1324 1325 1326 1328 ;1330 1331 1332 1333 ;

#EVERY MONTERUN START FROM A NEW STATE
